2465811.0
7542154.0
2299370.0
138575.0
222248.0
788972.0
1441531.0
2301586.0
5316149.0
6523303.0
7609020.0
7588327.0
227866.0
6142172.0
3636206.0
2320798.0
2369658.0
7181285.0
6615827.0
4852233.0
663704.0
6471767.0
7231631.0
5931449.0
620623.0
482256.0
4056916.0
175474.0
7373904.0
1811725.0
1346682.0
5744768.0
734644.0
5595625.0
2986113.0
3651321.0
5159103.0
5855408.0
2483513.0
1856152.0
5637379.0
4595704.0
3459970.0
5055782.0
5588458.0
628441.0
3428304.0
3091854.0
1781822.0
1603639.0
6450265.0
6029907.0
7635276.0
4927942.0
6399983.0
2481330.0
7631360.0
2356742.0
5019777.0
2629565.0
6028000.0
1165591.0
1610879.0
4406239.0
5878004.0
4859240.0
2646629.0
4908235.0
626112.0
4322839.0
