5692899.0
665176.0
3651321.0
1282153.0
5112391.0
6269324.0
3112106.0
5188223.0
7631428.0
2313492.0
7319843.0
592378.0
7631093.0
6969931.0
4359706.0
7258067.0
6460832.0
2316131.0
7542154.0
5909497.0
3753160.0
3810955.0
6142172.0
1958479.0
1428367.0
7325900.0
5396363.0
6450265.0
2600479.0
7484009.0
6142386.0
620359.0
4904631.0
7528402.0
3643883.0
2425613.0
1790480.0
4672288.0
4106765.0
118199.0
314542.0
1765507.0
4842223.0
4849491.0
663704.0
5093699.0
103554.0
7546423.0
3511902.0
5255400.0
5090039.0
5695044.0
4491539.0
4407058.0
7221967.0
3352479.0
4989804.0
3751390.0
140802.0
7771957.0
2068447.0
6971871.0
3427819.0
1685186.0
2299370.0
2648585.0
344867.0
2320798.0
2568334.0
4713050.0
7682004.0
4581201.0
4506477.0
6017019.0
7491326.0
4157901.0
3256234.0
4056083.0
6043918.0
4588797.0
108800.0
5900984.0
7102686.0
7409421.0
6647218.0
7563700.0
7529571.0
5948477.0
1584521.0
3401080.0
6052029.0
6556507.0
4412064.0
4466924.0
4852233.0
2242725.0
3907292.0
5325564.0
2587910.0
1247732.0
5052451.0
2079752.0
3363898.0
3764170.0
222673.0
7119013.0
6614773.0
3896358.0
6115227.0
7248556.0
5774320.0
4067322.0
3515778.0
6220598.0
1466444.0
3951873.0
7062733.0
6898291.0
6411747.0
285901.0
3479167.0
959880.0
3098364.0
5716819.0
4281623.0
5521376.0
253130.0
6346641.0
6138587.0
5118700.0
7074838.0
6233933.0
138575.0
4641594.0
2115726.0
3208406.0
5255014.0
1654900.0
7239257.0
6483854.0
1084321.0
3381221.0
5212479.0
6000569.0
5903544.0
156290.0
6379191.0
1274134.0
7639932.0
3300285.0
3799804.0
1868498.0
6092961.0
5027345.0
4506681.0
1518039.0
7422425.0
3863696.0
5459396.0
7275950.0
2021090.0
4555921.0
2826358.0
5741546.0
1486467.0
4175169.0
2932790.0
3291980.0
5922656.0
4447350.0
6029907.0
3035646.0
3963360.0
6563880.0
1759825.0
7292013.0
3390238.0
1060121.0
6533398.0
6090915.0
3234306.0
2079205.0
3154737.0
5316149.0
344867.0
6731555.0
1143853.0
5349884.0
6136055.0
4581576.0
6778051.0
4402211.0
7722336.0
7308637.0
5056606.0
5930460.0
802111.0
4141803.0
5119629.0
150975.0
5112426.0
2029239.0
6364297.0
1388610.0
399411.0
4772688.0
1837612.0
5249186.0
5930099.0
2337981.0
4645390.0
6028000.0
7184370.0
2115591.0
2107223.0
621950.0
7126084.0
1688418.0
1814311.0
410150.0
3464953.0
4425351.0
3391003.0
4151823.0
2550239.0
6646686.0
2582525.0
7298817.0
1796320.0
7292013.0
2769295.0
4860554.0
1833911.0
5637379.0
1814779.0
1451598.0
5402757.0
709464.0
5549511.0
7478734.0
5594568.0
1198342.0
2069502.0
1113301.0
4927963.0
7307359.0
1368422.0
5367670.0
7294331.0
1686795.0
3151906.0
4469578.0
1655989.0
6523303.0
587037.0
2345166.0
3552809.0
979365.0
247377.0
4983625.0
3464904.0
3223282.0
460366.0
300256.0
4408445.0
7054510.0
5288404.0
4357901.0
3622244.0
2847106.0
653476.0
1816792.0
4723944.0
3456061.0
144448.0
7320443.0
3758823.0
3310211.0
6546460.0
6511537.0
910060.0
3694056.0
664606.0
4509722.0
3799403.0
2095404.0
5617407.0
3660878.0
1847499.0
4977481.0
6020315.0
1901270.0
4521044.0
854476.0
7628172.0
3709708.0
5504197.0
5654640.0
5615770.0
5483784.0
1257208.0
4021777.0
3557156.0
3395061.0
2181401.0
3049007.0
2387512.0
848666.0
1278615.0
6026549.0
7635276.0
7127496.0
998246.0
4096389.0
3015339.0
5245822.0
2602480.0
6428306.0
2130243.0
2006596.0
4530576.0
2967716.0
1648959.0
6947996.0
3273512.0
2032599.0
963585.0
4048428.0
5399490.0
1425696.0
2642770.0
3021555.0
6057148.0
3846028.0
1671713.0
5920558.0
5556980.0
2155113.0
7754529.0
5678212.0
3019345.0
7053059.0
6812981.0
5397342.0
7260892.0
7167387.0
6904824.0
7007883.0
453942.0
1346682.0
4978973.0
1603639.0
2898199.0
6513649.0
1218497.0
467148.0
521925.0
5583881.0
1215059.0
1201084.0
4308551.0
3803928.0
2080166.0
986125.0
1059982.0
6258071.0
3565160.0
5138809.0
808459.0
2683802.0
2917564.0
2822016.0
4007167.0
1755142.0
7066123.0
4692940.0
6498266.0
147663.0
5965325.0
2149885.0
6335854.0
4167971.0
3834471.0
6521605.0
4939514.0
4182398.0
102327.0
1531648.0
1432744.0
5506539.0
4859240.0
6790640.0
1093976.0
2200258.0
3688280.0
3812900.0
1171632.0
5611404.0
6792911.0
2892229.0
2065040.0
7724310.0
5756640.0
6767718.0
6806591.0
7440517.0
3895344.0
247604.0
3062497.0
1408551.0
253901.0
1523267.0
452567.0
2477316.0
5199719.0
2309507.0
2013966.0
3178905.0
5877012.0
5811668.0
3945234.0
1882535.0
1045412.0
4795202.0
5164976.0
6570723.0
150955.0
1870971.0
3388510.0
7175214.0
1865534.0
6903244.0
814337.0
7631360.0
5976944.0
776986.0
2830016.0
5341314.0
5633309.0
7314767.0
7244632.0
627520.0
2412630.0
5784740.0
1545549.0
882714.0
7671639.0
2449629.0
1395716.0
2808215.0
4511519.0
2184305.0
2269497.0
593001.0
4906065.0
4783503.0
944610.0
3426231.0
4975874.0
3060438.0
5167772.0
2248285.0
108216.0
3776546.0
1992630.0
518345.0
583038.0
1376052.0
2624390.0
1882296.0
5445750.0
7255076.0
2473590.0
3439188.0
4232961.0
4464616.0
7723046.0
5769365.0
809818.0
777954.0
7588327.0
7247621.0
6321485.0
2505508.0
3604077.0
7669468.0
2231962.0
1825148.0
6252185.0
2718724.0
926406.0
1080568.0
2950938.0
5611183.0
4594906.0
421705.0
6899959.0
207111.0
6577417.0
1931661.0
2006849.0
2933290.0
3456811.0
4615737.0
1936357.0
6834516.0
7162001.0
2097852.0
2993114.0
4360992.0
1434515.0
5724054.0
4857487.0
5185681.0
4490638.0
6717515.0
2957894.0
6987788.0
2481330.0
2206294.0
7014563.0
4698675.0
741089.0
4379729.0
1230939.0
5301878.0
2533276.0
4067567.0
5276394.0
6270762.0
4876737.0
4069870.0
5149500.0
3596104.0
5977643.0
606183.0
4968949.0
2846523.0
818167.0
4428706.0
3678485.0
1719451.0
1596246.0
1811725.0
4791411.0
6579643.0
881907.0
4341920.0
2446552.0
6926363.0
4725710.0
3971477.0
7226125.0
4588104.0
5457997.0
6243433.0
5437651.0
7476190.0
3717568.0
6846671.0
307818.0
5872630.0
2936260.0
5789602.0
6471767.0
1661826.0
2991653.0
2493614.0
3747420.0
6829827.0
979755.0
273425.0
5244343.0
2135158.0
3135788.0
1456716.0
1382655.0
4647848.0
5689682.0
4980733.0
4390123.0
266223.0
608265.0
5093006.0
4968055.0
7667848.0
6998319.0
3131294.0
7721369.0
1001730.0
3428304.0
2715831.0
2045048.0
613954.0
2705864.0
1386217.0
368890.0
5262381.0
3429919.0
3704713.0
6048122.0
7136841.0
4444155.0
2518901.0
5116947.0
5423921.0
3618253.0
4638844.0
3238418.0
1211563.0
3826649.0
6485826.0
4527827.0
4212562.0
5040614.0
4408572.0
914150.0
1020458.0
4831710.0
1879847.0
1477230.0
2922300.0
1812520.0
5892256.0
3506790.0
2708536.0
3733444.0
6226247.0
2425550.0
6364735.0
3176901.0
6906955.0
2997586.0
226925.0
2299669.0
1442627.0
3654749.0
4886956.0
3886021.0
7637552.0
7516982.0
3991491.0
3798717.0
5922472.0
1295612.0
597141.0
2663168.0
5578728.0
4500557.0
5049224.0
2599202.0
822808.0
3192976.0
3474751.0
1204986.0
7635459.0
4376101.0
270723.0
409489.0
858633.0
1682610.0
3945553.0
5088616.0
5868839.0
2265039.0
3091854.0
3590720.0
7003400.0
458846.0
4106246.0
7330354.0
7341061.0
2148641.0
7071632.0
4834778.0
5695571.0
5119085.0
2764472.0
4888649.0
6746420.0
2053174.0
1196018.0
2333190.0
7423956.0
6381381.0
7075095.0
7392612.0
2029559.0
6459785.0
6038472.0
3021975.0
3296061.0
734644.0
942974.0
3991491.0
1121881.0
888956.0
998124.0
3121934.0
5249102.0
5223784.0
4309981.0
3069509.0
6981495.0
6435883.0
7325431.0
6038039.0
5988791.0
1437039.0
7232729.0
5709110.0
5119085.0
4261220.0
4782266.0
5763033.0
6329382.0
5263621.0
875070.0
5968728.0
7013110.0
4552764.0
1337185.0
4387401.0
641917.0
5482214.0
2198860.0
7325431.0
1053804.0
4683095.0
7185213.0
5999086.0
6110857.0
1430652.0
5931449.0
5997773.0
750605.0
2513340.0
1553910.0
1700963.0
6137911.0
2131958.0
502392.0
1305678.0
536694.0
6556211.0
1791375.0
7550063.0
2483513.0
1565619.0
5615118.0
1592428.0
1814779.0
2694265.0
1715570.0
4247896.0
491890.0
2304057.0
3455006.0
3932810.0
4155802.0
1469080.0
1111856.0
1223566.0
5996131.0
3350015.0
2629565.0
2356742.0
3158550.0
4458286.0
2986113.0
2859997.0
7366131.0
4665797.0
1063818.0
3664293.0
6691246.0
3898453.0
382548.0
7686781.0
5263804.0
1127414.0
3396788.0
2958056.0
4927942.0
7609020.0
5002840.0
2240245.0
527343.0
6569649.0
462616.0
7366347.0
1834685.0
6580806.0
4280172.0
7118790.0
4505754.0
4940699.0
4553971.0
665855.0
6365729.0
2641023.0
1158514.0
482256.0
3159239.0
5342086.0
285662.0
5975817.0
5728898.0
6241227.0
4716471.0
5586534.0
2803411.0
2081058.0
7772199.0
3228009.0
644921.0
4959995.0
115977.0
3778485.0
7483662.0
6364383.0
662211.0
7512409.0
4617613.0
4878929.0
7159062.0
4686978.0
1701287.0
2968835.0
4311251.0
4346785.0
6593317.0
1785839.0
7410148.0
5441978.0
5114972.0
4820051.0
5371074.0
2667190.0
4595704.0
662913.0
761678.0
788972.0
6358979.0
6414760.0
2331282.0
7245402.0
4758531.0
665238.0
1374812.0
2140837.0
5625737.0
504203.0
5885556.0
7532530.0
6692912.0
2874497.0
4185756.0
1464780.0
1866143.0
1795266.0
2124511.0
2368140.0
4537174.0
717483.0
6080474.0
4559672.0
367358.0
1943156.0
3411067.0
2026140.0
5426538.0
4629290.0
5934831.0
3390480.0
4056916.0
5856821.0
7724912.0
4874242.0
2634914.0
2284974.0
3465511.0
7309215.0
3459970.0
940503.0
4026682.0
257874.0
420513.0
4803005.0
6140063.0
3051172.0
752072.0
2680814.0
7660310.0
3377600.0
5772125.0
888385.0
4041131.0
714787.0
3085723.0
143689.0
3496042.0
3184061.0
6722865.0
237981.0
7049962.0
2322153.0
3590226.0
2777018.0
4933598.0
3305714.0
5984371.0
5855505.0
782940.0
3078792.0
7588462.0
6245039.0
7229302.0
1610879.0
6294848.0
212824.0
5588458.0
6620583.0
5763344.0
5821261.0
4215169.0
7231631.0
4124604.0
3219728.0
4288452.0
5633041.0
2958056.0
6376753.0
7442382.0
2849782.0
410487.0
653922.0
6438320.0
4056314.0
1165591.0
5846954.0
6050334.0
5921234.0
5214502.0
218667.0
7181285.0
7748510.0
3432094.0
3743530.0
6512233.0
4408743.0
2369658.0
3745418.0
5022589.0
3729713.0
1912956.0
7249169.0
6636896.0
5196679.0
2831105.0
242212.0
1458336.0
7142297.0
7093048.0
6156377.0
7357662.0
4529381.0
6698000.0
7014223.0
6491248.0
2805177.0
217057.0
6383509.0
5804392.0
6675616.0
7542200.0
3169654.0
6443869.0
4397958.0
900922.0
2465811.0
6418906.0
4710034.0
1661826.0
3983465.0
628029.0
4712116.0
7580548.0
3467642.0
5549511.0
6489201.0
5761852.0
5689682.0
1245814.0
2497166.0
2773012.0
4953531.0
7159571.0
6399983.0
5473005.0
4359194.0
604444.0
5595625.0
6976543.0
4282705.0
1717590.0
1857961.0
1500742.0
2925867.0
7712322.0
1163168.0
3736791.0
2797485.0
3882443.0
6248535.0
3884890.0
2248285.0
5381139.0
1830307.0
187580.0
1711713.0
2504715.0
3529020.0
3975313.0
5029218.0
287739.0
1056706.0
337022.0
2743702.0
2542969.0
2909899.0
3675667.0
3937561.0
1944065.0
1587078.0
2766025.0
3805349.0
833071.0
6926720.0
3460148.0
4584135.0
4274752.0
6888800.0
6304587.0
2672970.0
7650161.0
269196.0
3011661.0
5695466.0
2268655.0
3476936.0
4230478.0
5085271.0
174519.0
3051172.0
6399601.0
4905740.0
5529775.0
3658359.0
4142831.0
7494446.0
5216963.0
4363027.0
2622078.0
1841784.0
288705.0
1364932.0
794659.0
1795997.0
2157976.0
4914362.0
7684093.0
1295612.0
5019777.0
6697721.0
2810629.0
839925.0
5972955.0
2898401.0
1779401.0
4678019.0
1875553.0
2411405.0
6651283.0
1174978.0
4660117.0
3480434.0
5878004.0
5159103.0
3564050.0
6490304.0
4449307.0
4290724.0
956890.0
3800644.0
7653950.0
7632576.0
7717211.0
2635571.0
6540472.0
1032811.0
1790937.0
3909691.0
3568946.0
6355518.0
2226318.0
7360265.0
7017212.0
4369336.0
5528107.0
5449479.0
4592100.0
2209142.0
1099944.0
3555917.0
5148825.0
2336337.0
3451112.0
4234851.0
7474896.0
851267.0
4733073.0
1066366.0
7164091.0
1951471.0
643382.0
1494783.0
5879361.0
2884533.0
3183150.0
225616.0
5609214.0
3711810.0
7570805.0
1448346.0
367061.0
5532966.0
3636206.0
3008631.0
2221676.0
278461.0
6599833.0
1349566.0
4712640.0
2802247.0
4555009.0
5063031.0
6751722.0
7368122.0
3941645.0
7291273.0
4172900.0
7496792.0
1289004.0
336400.0
287739.0
4853542.0
5838950.0
2279883.0
4564412.0
2831596.0
254284.0
2217126.0
6201637.0
1500368.0
7316361.0
6681924.0
620623.0
6425334.0
5369826.0
1352068.0
7664000.0
455408.0
992024.0
5613789.0
1101131.0
4910767.0
5681016.0
6578814.0
7035051.0
5744768.0
7020705.0
4359018.0
5631531.0
847731.0
2907203.0
4582455.0
6565199.0
2351701.0
1132686.0
227866.0
300002.0
5253624.0
3385968.0
6771607.0
1967863.0
3469931.0
3665968.0
3665024.0
1562442.0
2744547.0
133803.0
3527105.0
1607676.0
3693303.0
2403848.0
3157117.0
856514.0
122227.0
6172501.0
5055782.0
6364297.0
7754267.0
6442447.0
5197086.0
6447250.0
6371504.0
1931212.0
1085722.0
556406.0
4953531.0
2714806.0
788547.0
7366754.0
4177578.0
1795376.0
6005876.0
6620959.0
5366481.0
7125711.0
5495303.0
5164173.0
1138490.0
2298194.0
2334821.0
5132780.0
6490895.0
293276.0
4262043.0
2484284.0
1124556.0
6615827.0
1317769.0
7037645.0
7379458.0
7317172.0
410865.0
627872.0
1781822.0
6617399.0
1429530.0
4251053.0
2197614.0
703107.0
222877.0
4013667.0
5641626.0
1353042.0
7318805.0
5655920.0
1998501.0
628441.0
810575.0
6714759.0
6668983.0
7042362.0
6275253.0
6289516.0
3087607.0
4750292.0
6752761.0
6449232.0
846756.0
403000.0
5037266.0
4042622.0
2068377.0
6754016.0
4114027.0
5586534.0
1890952.0
5512680.0
7703951.0
3931983.0
1897260.0
2225962.0
5216963.0
6308714.0
4588104.0
5292350.0
2663351.0
7731608.0
3170864.0
4193105.0
555930.0
3255121.0
761777.0
700390.0
5560821.0
2827584.0
4337950.0
1415399.0
4354236.0
6649259.0
4742318.0
3667914.0
4030547.0
4148401.0
2321799.0
3454645.0
3473771.0
4556617.0
3224177.0
7169972.0
5670968.0
3053029.0
5260734.0
4519548.0
4347006.0
6619031.0
4522419.0
3050628.0
1686795.0
1830249.0
4197369.0
1245312.0
7380972.0
6689318.0
5890121.0
3521585.0
1100517.0
7580992.0
4165843.0
3221912.0
5646114.0
6370689.0
222248.0
1717946.0
7566338.0
1894314.0
7410795.0
5147405.0
4659566.0
1117101.0
5830720.0
6316780.0
3624401.0
2321597.0
2297283.0
4402633.0
3311840.0
4393554.0
4034444.0
6512481.0
3702606.0
5829823.0
6628340.0
2301586.0
1909248.0
4483504.0
3201432.0
3921309.0
7506445.0
6641118.0
1769794.0
7433038.0
3262537.0
7193414.0
5475743.0
3251492.0
2292056.0
4841293.0
171338.0
2983174.0
3590319.0
3232710.0
3072524.0
551117.0
4282462.0
5552384.0
2891625.0
1042066.0
6501870.0
3162314.0
2110798.0
2349833.0
248551.0
2417040.0
546405.0
1973726.0
4025256.0
3759958.0
4837549.0
5828740.0
6624117.0
2324772.0
5831682.0
1019564.0
3173551.0
2400347.0
654827.0
4419857.0
2764717.0
4322839.0
5805456.0
2874129.0
4526658.0
3564897.0
2640485.0
6938725.0
6692700.0
3058621.0
5959711.0
7367409.0
4516719.0
279058.0
394362.0
4080144.0
7679148.0
6084914.0
3523542.0
3091855.0
6512097.0
5080123.0
6416739.0
4658518.0
6834516.0
5226856.0
2748298.0
5928561.0
7483969.0
6057621.0
7365393.0
6090183.0
6999891.0
4000142.0
6701541.0
1347171.0
7386975.0
5305260.0
2798152.0
4244370.0
6920061.0
2993474.0
3179342.0
7480468.0
340053.0
7518719.0
2426192.0
1601963.0
4186456.0
3881529.0
5655420.0
1552932.0
1089529.0
5833974.0
4765013.0
1891516.0
1927609.0
6816536.0
3849291.0
5554274.0
3872457.0
5956855.0
6151619.0
5900109.0
4572716.0
242212.0
1106688.0
1826351.0
7285100.0
5491443.0
4032868.0
911676.0
4797593.0
7188181.0
7250741.0
4908235.0
3032057.0
3772067.0
300096.0
451232.0
7695977.0
7594302.0
4487739.0
2166834.0
1219779.0
7032547.0
2634862.0
2646629.0
5920964.0
3124838.0
7234803.0
5398255.0
4445730.0
2084522.0
373229.0
2194721.0
4145637.0
5044673.0
2533661.0
2582456.0
2827383.0
5431393.0
3255482.0
2795899.0
1817313.0
5995109.0
1193289.0
6062839.0
6467015.0
169702.0
4720567.0
7057711.0
4578519.0
4074438.0
1108591.0
1052829.0
320729.0
6544369.0
6807261.0
5594568.0
6073409.0
2324296.0
626112.0
7729107.0
3943859.0
6953305.0
7136079.0
6087326.0
3553459.0
495719.0
5917412.0
3843515.0
3473925.0
2140337.0
3929198.0
2530372.0
6929729.0
3420531.0
7551443.0
2462293.0
1220613.0
2733938.0
311557.0
6083590.0
7569805.0
1379489.0
175072.0
5844538.0
693394.0
4045442.0
7327871.0
753334.0
1575307.0
1179300.0
372506.0
6882894.0
3698312.0
7194848.0
5574731.0
6272317.0
341634.0
5914682.0
7722166.0
7270499.0
7497779.0
2103077.0
3544424.0
1716878.0
3527808.0
2446303.0
7173394.0
4406239.0
1911826.0
504086.0
4071978.0
3051156.0
4750859.0
5213326.0
357234.0
5705265.0
6705414.0
452238.0
6340329.0
1789370.0
5812855.0
7770393.0
1142382.0
2427098.0
7491207.0
5962842.0
4587614.0
2331075.0
7506445.0
3319960.0
1060121.0
6991634.0
2618276.0
6077121.0
4572130.0
246786.0
4468840.0
413021.0
5177904.0
3268240.0
6675616.0
4010455.0
4722183.0
2159503.0
6738775.0
7473603.0
2719049.0
4522650.0
597188.0
1395576.0
1457682.0
511615.0
2028809.0
6043964.0
2655375.0
2362988.0
3534624.0
3146639.0
2221314.0
1981152.0
4628493.0
4444702.0
2124560.0
429301.0
847687.0
3768382.0
4532959.0
7406913.0
5323855.0
6145907.0
368991.0
1535414.0
2363705.0
7579082.0
2534381.0
2202123.0
6752968.0
5565901.0
7664828.0
856514.0
5034188.0
1744416.0
1599587.0
5093902.0
1442300.0
3573884.0
746488.0
2657513.0
3757121.0
2287542.0
5420180.0
3742722.0
892073.0
4805123.0
6004370.0
2877359.0
7586744.0
4688647.0
1297345.0
2707070.0
2362655.0
2843891.0
1035936.0
1906382.0
2285798.0
7494090.0
6766518.0
1549502.0
5965704.0
4706713.0
4113424.0
4028010.0
5558324.0
898933.0
6136108.0
6474340.0
918346.0
2425744.0
3277835.0
1376904.0
2901913.0
6593945.0
2425853.0
4652312.0
1518416.0
5170798.0
1902199.0
3572657.0
2053302.0
201801.0
4045399.0
2929860.0
2400760.0
6789739.0
6750250.0
2311270.0
6691443.0
3122196.0
2352627.0
5501471.0
5788594.0
7033489.0
879173.0
633958.0
7433038.0
4128970.0
240921.0
4806959.0
3738576.0
7012535.0
7193649.0
5304722.0
2506236.0
7032326.0
316223.0
1440761.0
2921424.0
3121191.0
7405117.0
2245402.0
1583015.0
3052442.0
5156683.0
5953460.0
3812286.0
148286.0
1723964.0
4182983.0
1455292.0
7537425.0
4053134.0
5035938.0
693149.0
1258615.0
1225599.0
6815836.0
7686672.0
175474.0
3906500.0
1764423.0
5433048.0
5308034.0
2544482.0
3986261.0
2356739.0
5524938.0
5426261.0
4145597.0
5918860.0
3824561.0
230758.0
2871129.0
937510.0
7629331.0
7754792.0
2286126.0
6524798.0
6123621.0
2756592.0
1760049.0
2608929.0
5521274.0
2960151.0
410459.0
1980087.0
5418875.0
2961974.0
4544931.0
4330450.0
5681960.0
3588898.0
5455017.0
5112143.0
1470577.0
3872457.0
3955476.0
101663.0
4159922.0
6770442.0
2385108.0
4093372.0
4318962.0
5678379.0
5970460.0
3868688.0
435850.0
7653558.0
3021776.0
3916956.0
3103392.0
765097.0
515848.0
5060240.0
4462090.0
6228780.0
941633.0
2583998.0
6706338.0
3415103.0
4832730.0
6279284.0
6162798.0
4160174.0
2589355.0
3835519.0
4977691.0
4178392.0
6121065.0
833634.0
3372511.0
5675347.0
3592556.0
1856152.0
5206247.0
6924865.0
732964.0
6249797.0
3552922.0
672889.0
5855408.0
7346494.0
4543239.0
2200379.0
3591475.0
1517277.0
3265640.0
5666527.0
4159122.0
729182.0
6163654.0
5137103.0
2410850.0
1675401.0
2618835.0
5010520.0
2129462.0
7777718.0
1794124.0
4953197.0
1277819.0
171634.0
903442.0
2288910.0
6869845.0
2600739.0
5605605.0
4278480.0
6751644.0
615697.0
6005604.0
4406761.0
6881832.0
1816166.0
3519977.0
279734.0
2290734.0
7366423.0
5086159.0
2331543.0
1231869.0
2466987.0
3007068.0
5510105.0
3236374.0
2295046.0
4614647.0
5096042.0
6611522.0
2820696.0
4941584.0
6114381.0
1611900.0
566573.0
6041121.0
2475749.0
3710042.0
6619510.0
1933073.0
3324385.0
4578473.0
4628361.0
6185051.0
4146867.0
1769501.0
2253704.0
7616404.0
6536980.0
6558583.0
1294060.0
2655691.0
303792.0
2516070.0
3442774.0
3800404.0
3302180.0
5121374.0
3917616.0
6505938.0
4384308.0
6746981.0
4124848.0
7086560.0
4743662.0
2740690.0
2405933.0
3789958.0
6288047.0
7555427.0
712216.0
4683705.0
6303475.0
3645058.0
5854221.0
1622157.0
3793342.0
5135813.0
3397272.0
2998371.0
2348772.0
7278225.0
1751761.0
1420642.0
1641023.0
3131928.0
6473326.0
5347295.0
4321455.0
2572517.0
3705354.0
3610432.0
5796349.0
1061871.0
462139.0
4187935.0
6206342.0
4842816.0
3358575.0
720804.0
5553717.0
7480865.0
2324849.0
7512817.0
801572.0
4213469.0
5560987.0
4228607.0
4038957.0
154603.0
324679.0
7480460.0
4238886.0
3088484.0
922422.0
580190.0
2774787.0
3850021.0
7005238.0
5060333.0
2441915.0
7649760.0
6489776.0
3669481.0
7373904.0
868667.0
1748665.0
5449321.0
1833403.0
4472915.0
832201.0
3853960.0
2796836.0
1436218.0
5656731.0
2536471.0
4744021.0
1616161.0
4147767.0
1702126.0
5317559.0
1080874.0
2385869.0
4072623.0
164175.0
6267791.0
2273771.0
6063598.0
7300871.0
524885.0
2922889.0
2809864.0
4815090.0
7069651.0
3385656.0
3289299.0
3821180.0
1441531.0
2214683.0
1857116.0
5669085.0
5837145.0
3022716.0
7769037.0
7483559.0
5698599.0
3818974.0
1074618.0
5752187.0
2598132.0
4277270.0
7225429.0
2020943.0
5672771.0
5524934.0
3297566.0
1655629.0
1407181.0
6967147.0
5331556.0
5080120.0
2398290.0
