4330450.0
2465811.0
7542154.0
5214502.0
7695977.0
3963360.0
5763344.0
2221314.0
5654640.0
2299370.0
2764472.0
2683802.0
5552384.0
138575.0
222248.0
5631531.0
788972.0
700390.0
2719049.0
3372511.0
6110857.0
1428367.0
3736791.0
1500368.0
2217126.0
1201084.0
4045442.0
1441531.0
2349833.0
6705414.0
851267.0
1032811.0
2301586.0
5316149.0
6523303.0
7518719.0
1376904.0
5367670.0
3745418.0
1448346.0
6358979.0
7609020.0
7588327.0
4444155.0
227866.0
4281623.0
6142172.0
3636206.0
3122196.0
2320798.0
2369658.0
3622244.0
7181285.0
6556507.0
6615827.0
5276394.0
1080874.0
4852233.0
7260892.0
663704.0
6471767.0
665855.0
7231631.0
848666.0
5931449.0
1980087.0
620623.0
3812286.0
6999891.0
482256.0
6289516.0
4795202.0
942974.0
1053804.0
4056916.0
4556617.0
175474.0
7373904.0
1811725.0
2708536.0
5112426.0
1789370.0
1346682.0
4782266.0
5744768.0
734644.0
7442382.0
4021777.0
6090915.0
5595625.0
2769295.0
2986113.0
597141.0
3651321.0
5159103.0
5855408.0
4387401.0
2483513.0
3256234.0
1856152.0
1408551.0
3262537.0
620359.0
311557.0
7405117.0
5262381.0
5637379.0
5521274.0
4595704.0
3459970.0
5371074.0
5920964.0
1931212.0
5055782.0
5588458.0
2316131.0
992024.0
6751722.0
3178905.0
628441.0
3078792.0
1998501.0
3428304.0
6435883.0
3091854.0
1781822.0
1603639.0
6450265.0
6029907.0
2348772.0
7516982.0
6248535.0
7635276.0
4927942.0
4464616.0
2417040.0
2403848.0
6399983.0
2481330.0
7631360.0
270723.0
2299669.0
2356742.0
1759825.0
5019777.0
4007167.0
2629565.0
3456061.0
6028000.0
1165591.0
1610879.0
1220613.0
7069651.0
5288404.0
4406239.0
7229302.0
5878004.0
4859240.0
3834471.0
2646629.0
4908235.0
266223.0
2831596.0
626112.0
4322839.0
